structure(list(FOV = 60, ignoreExtent = FALSE, mouseMode = structure(c("trackball", 
"fov", "zoom"), .Names = c("left", "right", "middle")), skipRedraw = FALSE, 
    userMatrix = structure(c(0.999733686447144, -0.0196920540183783, 
    -0.0120321661233902, 0, 0, 0.521391093730927, -0.85331779718399, 
    0, 0.0230770464986563, 0.853090524673462, 0.5212522149086, 
    0, 0, 0, 0, 1), .Dim = c(4L, 4L)), scale = c(1.80676555633545, 
    10.1630563735962, 0.610393762588501), zoom = 1, windowRect = c(804L, 
    203L, 1610L, 942L), family = "sans", font = 1L, cex = 1, 
    useFreeType = TRUE), .Names = c("FOV", "ignoreExtent", "mouseMode", 
"skipRedraw", "userMatrix", "scale", "zoom", "windowRect", "family", 
"font", "cex", "useFreeType"))
